27.207
33.054
29.563
65.656
58.841
39.718
52.485
50.493
61.368
51.592
43.842
53.078
46.988
53.909
56.907
67.017
62.496
52.460
45.267
59.625
44.551
53.620
29.867
64.376
63.736
34.348
60.071
56.073
32.353
58.916
48.328
64.081
66.082
28.750
34.421
37.289
68.084
69.392
28.485
30.378
28.991
51.966
46.059
51.899
34.983
69.133
26.393
31.806
40.319
28.517
68.763
28.762
43.758
45.900
31.444
45.088
31.051
51.622
45.678
44.122
40.599
31.803
39.204
32.152
37.545
43.219
63.082
62.739
31.859
35.196
58.920
65.240
28.583
33.519
59.887
45.588
54.809
52.360
66.356
32.934
54.720
55.128
30.443
38.164
41.931
49.534
31.973
30.061
66.834
69.450
46.349
65.630
30.274
64.660
49.937
39.706
59.556
57.138
32.905
59.467
53.118
59.481
66.920
58.382
46.545
52.141
38.256
67.819
58.423
65.173
61.100
38.810
53.540
55.353
46.266
33.727
55.956
37.642
50.609
48.842
57.996
47.555
56.026
26.367
45.422
64.700
57.914
43.932
30.573
68.968
34.876
28.144
64.884
60.848
59.051
57.412
69.46827.970
30.147
61.039
61.016
51.173
38.426
42.647
62.896
61.919
61.139
42.747
46.546
40.365
50.294
29.389
27.959
69.877
31.329
51.489
27.576
56.688
52.169
58.068
32.857
43.174
62.991
52.944
67.699
58.441
37.077
58.625
62.580
40.151
64.369
46.070
48.361
65.024
41.631
34.976
45.648
34.056
46.145
51.720
42.566
67.613
28.062
36.915
32.752
34.987
58.787
27.807
57.291
28.068
55.818
47.904
45.072
49.270
56.602
69.193
66.906
32.340
40.708
51.078
68.261
62.069
48.080
26.182
27.268
37.344
38.285
54.623
53.516
41.857
58.536
45.937
51.586
47.912
27.695
37.345
29.901
67.234
57.265
34.679
51.446
29.717
32.122
32.036
50.211
69.917
59.945
58.539
42.255
37.207
67.020
51.312
69.915
37.852
48.376
51.572
69.787
45.629
51.469
26.109
53.169
49.642
41.445
26.439
37.486
63.312
67.374
48.282
61.446
39.640
49.001
44.460
63.249
29.240
52.266
34.774
53.971
60.645
46.260
30.159
29.366
26.822
32.593
68.171
41.726
61.655
61.833
56.254
53.254
54.864
36.040
44.935
59.221
56.469
63.844
66.219
67.054
26.209
47.894
67.004
66.835
34.763
40.993
40.217
28.370
40.043
35.047
55.688
29.491
39.803
61.642
46.620
37.226
30.512
46.843
60.558
64.771
47.548
66.497
59.969
35.300
50.809
26.621
46.270
69.179
56.893
61.317
32.101
47.611
32.445
56.232
49.231
44.715
33.636
32.155
38.855
27.222
69.749
65.885
36.061
47.223
45.873
38.521
42.451
44.941
27.635
38.850
61.971
37.078
46.221
68.589
27.019
60.391
68.082
52.261
68.603
42.886
55.727
45.615
60.634
52.855
29.544
43.846
66.782
60.819
67.438
62.253
27.860
60.164
28.174
29.073
65.085
28.942
42.069
38.305
46.096
27.112
31.563
53.762
44.926
36.282
31.025
65.161
33.875
40.274
46.640
29.891
32.649
66.202
52.518
33.361
36.728
62.459
51.374
62.219
31.908
37.514
36.710
67.499
60.820
44.108
53.055
39.680
46.030
56.251
55.138
44.142
47.308
67.899
62.875
32.882
37.765
39.784
46.916
35.490
31.116
34.021
66.221
42.137
43.781
63.234
51.848
34.491
68.056
37.681
35.306
58.588
37.497
37.627
39.877
35.542
28.108
37.575
38.586
44.008
62.659
52.265
41.934
64.443
63.462
33.801
50.726
67.171
46.756
57.566
46.160
55.796
58.769
34.247
68.327
46.754
36.367
62.152
68.517
30.902
39.315
41.390
37.777
69.480
58.945
50.563
67.145
48.461
48.585
36.418
45.525
39.269
49.646
35.114
30.154
45.552
37.753
31.373
36.456
46.765
38.367
41.145
31.904
44.037
61.633
34.743
65.054
44.623
69.086
63.513
57.018
34.901
68.200
67.114
46.477
30.368
31.844
50.922
27.399
41.144
52.674
26.503
38.505
58.651
47.235
42.530
63.511
34.962
46.985
46.276
58.309
44.402
55.999
31.438
40.021
29.300
34.409
33.561
65.479
42.644
68.691
68.619
32.446
44.974
53.486
68.173
28.906
42.028
58.797
55.280
49.409
62.586
51.483
67.632
36.747
37.325
43.127
64.035
41.514
60.610
35.368
33.041
32.904
47.417
37.341
46.428
65.658
27.131
59.353
51.026
28.542
37.585
36.982
41.372
63.752
51.069
62.578
34.228
46.987
46.974
41.209
53.739
58.600
64.949
45.890
28.822
67.861
42.470
50.469
62.469
59.895
58.433
59.180
42.480
37.587
41.002
41.104
46.535
29.510
29.528
68.045
36.430
36.653
35.653
33.892
61.713
34.191
49.153
30.477
66.728
27.371
31.215
28.552
68.481
36.517
58.944
37.698
47.484
46.710
60.636
68.052
40.085
48.222
63.849
29.675
33.064
37.661
28.779
41.217
54.691
39.327
28.127
55.759
54.355
54.220
39.274
34.627
29.661
46.866
58.866
32.222
33.022
46.807
54.437
43.961
31.043
28.132
32.176
52.014
58.256
59.271
51.108
44.814
30.961
52.943
48.356
50.918
51.357
69.134
52.055
35.040
27.742
45.577
53.341
39.584
52.105
49.532
61.989
47.804
30.072
38.179
50.877
57.134
29.738
67.848
61.727
44.963
54.640
65.529
27.271
60.015
56.632
55.730
56.086
47.055
65.844
36.700
38.548
64.213
36.083
44.699
63.771
45.016
43.775
53.154
66.679
62.791
59.987
58.996
47.725
33.291
46.249
34.470
33.459
50.136
43.014
37.448
57.989
43.147
38.381
56.836
49.663
64.228
51.485
32.578
64.831
45.199
35.544
36.389
45.658
69.697
45.992
59.187
66.685
44.513
33.197
31.723
57.149
64.115
65.403
49.933
47.029
62.073
31.901
69.563
56.704
50.802
57.243
35.054
31.074
43.948
46.598
47.702
53.889
40.328
68.066
32.817
34.613
28.712
58.198
69.621
68.057
50.317
60.203
35.498
39.818
35.297
56.567
27.069
66.771
31.882
47.993
45.045
49.420
46.279
61.673
64.877
68.818
37.686
50.747
61.520
67.075
67.947
64.521
53.840
31.488
40.385
32.129
37.336
43.466
33.507
58.294
48.434
44.713
60.065
36.620
52.450
54.629
32.669
46.812
27.115
61.378
68.503
27.466
39.661
43.037
47.849
67.083
42.352
63.117
34.648
56.679
50.091
44.770
44.907
62.363
67.761
69.967
68.595
26.583
55.547
54.765
68.411
45.268
37.357
58.571
59.592
62.065
55.881
57.751
51.694
66.853
50.689
69.653
68.648
64.494
53.384
63.931
62.468
65.802
56.818
49.406
43.935
53.529
45.524
64.089
56.176
66.804
33.282
67.559
40.435
34.018
68.909
33.601
56.476
43.319
44.992
65.038
28.331
34.273
41.531
65.603
34.777
48.796
66.167
60.276
31.047
65.678
44.144
65.747
28.378
50.409
36.118
59.434
40.283
28.741
56.196
37.827
35.551
50.669
48.203
32.903
31.623
68.448
67.237
61.322
45.436
37.293
55.248
64.304
64.964
48.685
26.019
44.470
40.931
66.395
30.845
59.355
57.664
30.753
48.730
26.071
46.326
54.522
69.992
35.518
41.019
49.411
55.738
57.620
29.612
57.002
36.007
41.713
39.647
29.173
69.499
60.936
63.211
41.668
37.935
43.668
29.170
29.298
67.660
33.034
43.048
58.636
65.099
38.424
64.815
64.971
69.280
59.209
36.225
45.043
42.692
69.044
30.246
67.506
49.606
54.616
34.789
46.576
50.355
33.838
65.150
38.451
52.316
62.641
48.505
37.085
61.539
64.591
34.200
33.093
34.873
39.861
48.474
45.746
59.994
36.411
50.853
38.811
55.484
59.981
30.106
44.394
44.590
46.731
50.318
55.629
37.517
41.751
60.903
54.171
32.896
53.099
40.307
65.511
50.963
59.819
63.197
43.845
65.014
56.149
42.101
60.060
68.154
45.033
28.142
46.691
55.354
26.149
58.115
26.966
60.900
67.928
54.301
29.118
51.298
61.680
64.205
57.146
62.280
52.691
52.248
56.477
36.398
62.181
49.437
63.255
66.641
51.716
46.218
58.163
39.985
69.866
48.977
27.833
42.149
28.092
52.493
35.385
36.026
56.419
29.988
48.085
68.060
38.793
56.647
67.326
62.706
68.999
47.918
52.026
56.027
37.363
27.562
38.189
44.210
36.853
68.859
51.135
35.973
28.358
43.750
51.251
66.045
36.113
60.431
27.275
28.376
52.448
50.937
27.453
36.262
65.379
49.904
33.481
28.536
51.558
50.924
58.334
54.884
39.275
66.294
55.142
35.867
61.144
67.569
59.957
34.651
66.130
49.574
37.183
46.261
59.506
32.553
39.492
41.831
46.280
36.996
69.036
57.427
30.071
46.766
37.568
48.423
63.429
56.417
53.194
29.929
51.083
48.974
46.482
40.313
49.784
37.741
27.706
42.433
65.976
38.434
54.071
29.709
53.774
47.576
39.844
45.852
54.267
64.279
42.618
57.678
63.409
58.940
67.494
28.581
43.694
55.104
45.779
33.903
32.581
62.976
62.788
30.705
61.593
63.768
51.997
41.648
65.177
42.192
50.723
38.270
68.723
66.861
69.775
68.743
53.389
52.312
39.404
64.818
38.825
58.089
50.510
53.470
48.129
32.274
34.578
34.699
64.123
59.930
39.838
63.744
26.489
46.167
58.729
58.840
29.040
67.552
62.482
37.006
43.810
32.677
54.671
68.127
30.685
50.290
34.187
63.657
33.614
53.709
45.590
31.126
45.983
40.767
56.897
36.551
26.359
61.981
51.339
49.555
60.735
62.767
37.402
39.558
44.267
35.086
58.848
51.650
30.265
30.472
29.688
68.847
28.601
52.486
51.498
54.268
57.486
51.186
66.427
43.745
62.899
34.929
40.789
57.595
57.363
40.570
40.209
46.749
62.709
33.741
64.564
26.922
56.539
42.767
48.992
26.376
35.884
29.762
46.424
47.963
33.177
46.094
34.725
32.807
57.094
66.022
49.215
31.503
58.533
60.465
54.799
30.746
34.217
63.029
53.346
48.717
37.420
66.608
26.529
69.655
61.690
48.148
39.499
48.448
60.374
50.179
28.584
58.649
29.822
48.347
28.715
34.420
69.684
32.629
40.714
38.310
59.233
42.812
54.863
30.656
32.631
28.323
44.257
62.797
40.812
27.045
63.694
66.002
68.024
47.810
29.209
28.284
26.993
51.996
34.610
32.734
44.850
57.901
56.822
63.562
47.318
53.757
51.972
56.394
39.233
35.766
47.173
38.287
49.220
43.684
57.308
47.701
64.837
31.109
37.474
69.677
46.029
37.914
67.917
29.591
66.405
53.966
47.501
55.518
33.827
58.731
44.055
45.287
59.188
62.322
56.953
43.290
39.445
59.082
51.634
42.826
67.133
67.939
67.704
51.926
68.132
28.631
35.793
27.692
39.893
35.078
68.748
29.622
53.444
58.213
66.803
66.672
64.462
49.972
26.668
59.074
59.475
41.826
51.116
40.888
42.258
34.559
29.624
36.492
46.904
37.535
52.207
37.137
32.550
43.080
34.570
60.974
60.913
63.655
45.064
63.094
39.835
50.694
49.069
41.477
29.281
53.281
68.204
36.260
27.734
48.885
46.385
48.038
36.375
34.495
41.216
65.722
54.441
68.798
32.542
58.491
45.338
40.741
67.456
49.806
38.690
66.708
67.131
62.576
45.696
59.348
41.932
59.628
28.731
51.609
36.873
60.410
66.217
32.173
48.402
63.616
69.970
61.084
38.283
66.111
42.072
28.292
63.387
67.151
60.357
66.035
55.657
67.674
57.279
33.286
63.649
51.022
30.389
51.517
62.029
54.607
48.206
37.179
30.273
57.782
68.209
54.042
55.451
59.166
69.540
66.564
35.786
37.713
35.213
28.740
29.902
41.081
45.769
38.133
48.339
60.218
55.110
42.849
47.592
44.764
33.248
47.497
60.389
68.030
28.979
34.127
53.785
63.785
58.624
32.797
26.138
63.212
46.163
42.840
60.003
34.607
68.392
45.669
32.793
40.320
30.603
35.485
46.354
49.098
44.930
63.910
49.283
50.412
59.609
50.533
62.867
34.120
68.153
60.784
52.281
39.317
50.964
40.090
62.169
50.013
62.710
56.856
55.100
69.469
58.702
53.549
39.812
58.113
66.893
38.064
52.708
49.329
54.008
30.292
68.973
41.165
37.147
45.371
59.329
30.453
27.594
30.700
39.141
58.421
58.217
29.325
31.793
46.005
34.788
32.058
45.183
31.549
35.392
29.512
54.672
60.336
53.216
53.636
43.898
50.562
41.746
60.506
31.670
51.453
67.668
44.139
48.907
36.120
58.987
26.010
53.399
68.004
32.991
54.410
35.747
57.031
55.002
38.866
47.126
40.335
48.270
37.746
33.537
45.170
58.140
43.496
32.988
37.146
63.062
58.207
35.628
64.824
69.400
41.635
42.138
35.711
31.439
66.195
68.103
27.574
48.196
65.586
28.977
37.864
46.278
26.084
52.595
43.186
49.148
43.260
65.811
66.157
49.543
57.605
32.099
40.536
51.571
31.626
44.748
33.410
44.952
33.016
32.711
50.675
50.630
44.439
35.698
34.456
65.597
42.832
26.056
34.231
44.102
43.606
53.936
50.577
44.693
49.777
28.243
36.482
68.081
39.148
52.841
56.457
34.537
42.884
65.679
33.371
67.847
63.341
47.659
30.611
38.416
26.890
56.262
45.083
66.291
34.163
59.881
54.602
54.057
38.038
62.501
66.811
56.438
39.926
46.050
36.754
39.353
32.745
42.817
69.729
62.946
65.593
39.349
48.649
33.125
51.368
39.579
68.728
51.127
68.883
36.291
49.454
45.924
30.376
35.402
36.436
39.768
57.530
40.127
49.949
42.883
32.697
60.930
39.048
47.011
62.697
31.053
46.744
33.275
63.013
33.938
51.840
44.944
59.184
42.564
41.743
46.984
50.837
62.862
42.672
64.415
46.585
29.147
29.479
44.497
65.256
66.180
52.878
28.830
66.897
53.766
47.431
27.529
40.977
53.885
59.760
43.683
27.488
64.774
39.057
27.623
33.771
31.465
56.788
42.648
46.626
53.202
47.506
43.690
62.297
26.122
30.372
37.378
61.331
47.042
48.150
34.332
34.002
54.815
32.440
43.517
35.645
35.809
34.771
30.177
34.596
34.691
61.925
47.743
34.026
47.410
33.146
43.438
53.555
41.601
64.126
36.793
36.780
67.768
67.091
41.793
33.902
65.175
42.374
30.158
49.732
36.304
53.035
59.618
52.664
66.347
41.843
67.629
54.748
27.229
45.401
50.838
62.683
41.131
45.307
42.249
43.013
50.478
28.403
56.629
62.316
38.149
33.974
36.079
31.584
67.642
60.086
57.889
49.107
42.755
68.606
40.687
43.162
67.333
62.613
34.918
63.640
28.838
66.154
28.475
40.374
50.997
36.296
47.921
41.967
47.928
38.986
41.207
65.587
50.856
29.788
34.406
42.748
26.882
41.109
52.813
43.519
39.987
31.072
44.718
55.003
39.296
34.321
35.526
31.490
57.807
63.902
39.745
61.347
31.357
57.059
42.084
35.031
69.342
38.656
47.745
66.227
31.994
69.850
47.095
59.803
44.461
66.682
32.239
64.311
32.568
62.787
65.878
37.547
29.495
41.412
42.888
39.937
36.849
43.242
60.817
48.516
69.316
29.166
53.823
54.587
45.420
65.138
49.989
30.113
35.125
58.251
66.621
46.569
52.057
32.192
68.551
28.387
57.564
68.201
64.303
59.379
26.724
30.323
57.473
48.406
42.975
29.293
38.412
62.615
42.039
53.175
54.459
42.786
34.615
69.194
42.477
28.066
50.125
38.334
46.372
66.115
34.909
40.125
27.100
69.986
60.525
37.911
47.218
53.144
39.834
51.428
30.481
50.257
65.941
68.757
60.990
69.990
36.121
58.633
54.223
62.744
62.594
42.529
32.611
57.552
29.167
33.015
27.848
28.026
57.016
46.896
39.483
44.169
32.881
57.253
48.766
62.451
58.301
68.543
58.712
56.863
49.578
67.371
69.814
66.620
33.352
37.811
62.154
60.956
43.630
30.297
58.462
47.311
27.468
53.746
48.785
50.906
56.284
30.526
41.627
39.180
33.072
37.980
48.738
43.856
42.427
31.686
30.628
54.948
33.473
69.885
47.531
26.334
61.924
58.326
57.634
39.390
61.050
47.618
46.616
69.249
66.477
30.197
55.536
64.667
49.758
52.332
47.697
43.531
45.063
57.747
61.580
33.775
62.466
38.311
57.012
60.351
59.072
62.114
26.106
65.695
29.126
34.100
62.164
31.266
62.488
52.611
63.750
53.436
26.659
63.916
32.296
59.219
55.740
38.453
44.131
38.659
40.597
67.563
54.031
38.131
51.265
44.105
60.818
26.954
36.722
43.123
36.394
39.276
66.160
60.041
48.009
27.683
30.480
68.287
39.198
52.660
56.448
64.898
63.747
41.626
67.589
57.171
30.319
54.852
47.623
64.607
69.444
36.586
53.604
44.598
26.860
39.166
49.517
26.193
41.926
62.536
65.209
34.071
47.680
68.376
59.689
68.975
51.688
54.478
41.446
57.644
66.581
41.313
30.063
59.137
64.449
36.882
66.385
69.766
59.975
30.466
31.505
69.212
55.665
31.026
56.923
48.381
27.243
44.730
45.961
33.834
50.786
54.584
57.720
44.389
62.616
50.363
48.016
68.341
52.983
46.610
38.005
47.136
49.334
61.307
41.893
31.187
36.069
43.890
50.619
64.886
28.335
56.892
52.773
40.381
49.093
48.231
63.277
34.256
46.861
50.569
60.812
55.031
28.944
54.636
55.336
41.787
37.990
37.000
62.205
30.643
38.992
47.595
48.911
52.043
47.491
57.978
66.637
50.286
39.887
37.987
60.603
30.823
30.708
29.741
56.245
35.403
54.431
48.600
33.091
59.731
30.462
47.317
35.878
68.378
33.524
51.458
54.923
63.120
48.519
69.169
65.086
35.049
47.503
32.044
63.340
64.928
47.959
27.787
36.371
39.775
57.270
41.771
32.518
38.606
38.934
33.102
62.454
50.474
44.435
67.023
50.174
36.073
37.513
34.244
26.764
33.900
34.433
39.219
35.177
34.474
60.268
44.707
33.640
47.256
64.932
28.975
29.698
62.408
54.946
66.313
30.318
39.999
41.613
54.183
27.192
48.258
29.626
47.407
41.034
43.011
46.714
60.981
52.426
31.599
52.495
26.480
61.718
32.621
35.895
51.975
68.083
33.505
35.354
59.468
37.480
43.642
68.401
69.456
37.191
67.851
64.045
41.124
45.930
27.603
26.274
60.216
54.189
37.339
66.105
47.186
46.738
63.967
46.150
52.308
68.835
29.353
32.037
68.290
38.286
69.090
26.955
32.422
34.079
62.647
57.096
59.542
47.962
53.507
38.101
26.062
28.655
35.231
26.464
54.593
33.448
53.737
49.736
37.814
59.634
69.927
65.009
68.582
68.965
47.369
61.162
58.111
38.422
57.848
34.484
44.847
27.185
69.122
37.083
37.747
67.068
57.951
44.708
63.068
46.222
48.389
51.603
51.058
43.175
57.030
58.660
58.890
30.645
40.988
65.011
66.443
39.841
30.994
69.527
62.776
55.641
40.285
44.377
34.689
63.456
67.580
62.074
43.004
44.648
44.323
30.965
35.018
39.051
61.449
31.791
55.644
63.542
52.679
67.951
45.130
38.543
42.598
39.695
53.105
56.154
31.336
48.076
45.041
68.520
42.887
38.372
50.486
31.567
47.405
58.327
69.319
28.133
67.259
41.123
65.533
29.321
44.728
64.939
47.359
36.868
46.999
40.520
37.822
29.137
67.226
57.196
29.199
26.894
56.637
42.678
28.550
46.233
69.165
69.585
67.833
27.041
33.815
56.298
68.804
30.132
41.597
61.725
34.346
62.491
45.689
32.386
44.854
55.108
58.288
51.028
33.458
60.994
67.808
57.520
37.317
28.498
69.092
34.501
31.314
46.254
64.842
61.085
57.982
60.640
45.589
68.479
48.835
58.024
57.305
33.890
61.060
68.564
54.983
42.442
56.543
55.040
44.519
53.601
33.006
63.598
31.303
64.439
67.701
30.530
48.216
66.656
53.570
51.313
69.949
32.162
56.589
48.595
66.359
49.345
66.512
58.596
52.924
61.304
54.344
53.815
47.177
39.690
57.936
66.125
64.844
30.574
51.169
44.607
35.850
51.077
48.217
28.845
33.331
46.184
47.077
34.658
68.632
69.067
58.128
35.802
34.950
45.269
62.812
44.090
69.600
58.747
49.178
39.665
36.396
53.137
36.589
49.258
64.758
68.446
50.898
32.263
51.333
26.609
57.375
50.435
36.750
65.959
54.295
33.874
39.942
67.284
48.816
45.443
39.257
35.277
40.279
46.066
41.215
32.363
58.684
30.915
56.121
27.972
52.942
29.546
34.514
36.570
45.336
56.389
40.707
28.956
29.947
44.498
61.526
48.467
67.073
49.541
54.337
28.710
67.677
60.109
59.440
42.785
38.248
27.105
61.468
40.036
55.616
33.433
53.870
63.679
40.636
54.533
26.093
39.827
52.677
39.401
26.580
40.601
62.945
64.812
39.565
64.665
29.792
60.963
34.512
49.729
64.238
69.750
28.424
48.056
56.751
65.966
31.131
53.029
53.814
36.590
52.075
47.134
57.233
36.927
61.056
60.155
61.148
41.396
52.257
58.318
37.602
46.108
46.955
44.670
65.278
46.971
36.464
35.626
47.384
57.887
64.159
35.478
61.766
58.891
43.199
55.531
34.729
56.571
38.146
32.775
36.374
27.320
48.214
26.469
51.927
36.493
56.108
35.795
57.440
53.411
30.011
64.937
48.920
40.856
58.879
29.779
33.110
29.072
68.776
66.658
44.577
60.022
44.315
31.753
33.852
39.881
63.370
42.980
42.547
28.266
30.730
36.071
58.155
55.043
50.876
54.963
66.963
51.343
67.945
33.109
49.553
45.344
31.660
27.419
51.041
59.779
36.671
27.844
60.027
48.130
34.675
42.168
29.819
69.087
28.280
45.396
64.202
59.362
33.434
64.195
41.838
40.891
57.052
27.494
53.238
41.825
30.365
45.693
35.068
42.244
61.218
54.122
68.994
56.116
68.920
44.087
48.938
51.850
31.484
32.927
31.872
63.240
43.570
53.199
53.496
65.960
38.849
30.352
29.826
52.329
44.426
64.986
31.104
59.281
62.177
52.375
61.575
45.862
60.487
43.430
67.352
41.897
44.080
36.148
29.890
56.789
49.501
58.990
46.083
39.018
43.657
69.471
65.031
65.094
40.450
47.967
68.372
48.551
62.815
64.270
27.884
69.131
26.660
32.723
38.339
61.750
49.963
62.032
37.716
50.265
30.630
51.252
36.194
63.050
51.491
47.495
69.761
40.645
39.826
50.717
59.077
37.040
53.373
64.978
58.849
35.885
64.878
38.685
38.390
53.127
54.732
65.496
58.154
28.525
29.265
36.182
58.929
28.843
47.080
46.919
27.607
58.542
44.238
43.526
60.384
59.966
67.748
62.407
26.988
59.953
46.021
52.116
67.988
28.489
31.827
35.309
37.022
32.625
68.861
51.560
53.343
54.210
57.456
57.878
59.474
48.412
43.503
64.011
31.280
67.024
49.564
57.087
27.945
42.269
51.174
41.535
45.687
63.850
48.134
33.116
65.622
64.685
37.382
48.922
62.909
68.155
64.072
45.663
29.931
42.278
62.054
64.395
48.554
62.666
33.284
52.145
61.260
33.182
37.252
40.959
32.557
32.962
57.823
68.936
59.263
48.225
62.012
43.255
50.573
38.697
35.774
44.813
28.618
41.592
56.804
63.393
63.253
32.013
44.595
50.450
31.773
38.254
40.635
42.567
33.655
57.380
27.925
48.265
35.400
49.990
30.972
60.299
59.127
32.508
36.445
57.554
64.200
28.443
43.723
61.241
52.675
40.017
61.974
40.719
36.608
29.673
44.571
59.068
63.190
53.257
37.005
41.255
44.074
45.143
63.672
28.484
64.621
29.243
38.840
42.560
44.103
26.997
55.599
66.494
47.538
31.739
28.495
40.227
38.532
65.207
38.704
42.461
64.104
54.762
62.223
40.264
27.932
32.018
33.608
29.175
64.221
31.731
36.322
43.322
59.871
39.693
68.422
34.730
31.754
54.999
59.727
59.524
35.981
38.636
47.693
64.046
46.148
27.352
43.042
56.910
50.342
45.979
42.639
39.708
38.016
51.439
61.386
42.543
40.676
49.227
66.977
34.780
53.356
68.806
38.081
47.666
67.617
53.094
37.498
56.387
34.219
41.078
40.744
45.099
65.781
39.119
43.342
37.023
46.901
45.397
36.091
61.152
52.862
64.990
63.816
32.336
55.966
33.253
45.355
41.168
39.889
27.090
48.499
54.352
43.066
49.710
44.359
29.836
56.798
45.942
61.969
60.992
52.766
67.695
60.090
60.451
41.501
40.382
63.366
44.583
60.207
41.960
35.612
45.305
51.836
64.497
44.078
28.297
37.457
34.248
49.956
46.899
34.063
41.903
65.238
68.435
38.210
42.312
56.180
42.199
51.148
36.422
48.433
38.628
54.718
45.244
69.211
37.828
38.266
64.790
32.217
38.567
53.631
35.792
50.276
32.847
34.868
58.481
52.091
39.174
63.628
26.592
44.725
53.645
27.566
63.162
50.305
50.606
51.364
26.483
37.779
52.436
40.265
63.630
35.992
30.321
27.612
61.285
69.299
68.229
67.311
48.721
59.257
40.997
60.464
57.434
45.245
46.601
41.666
26.030
41.456
48.923
35.519
49.496
58.448
46.247
58.754
60.833
45.675
27.337
30.968
38.052
42.447
47.985
60.352
46.255
68.845
34.891
67.146
35.325
51.081
37.584
65.881
47.681
65.850
32.970
39.012
59.278
65.643
44.184
34.059
36.832
29.054
62.307
62.870
57.313
49.197
61.219
68.282
27.541
61.262
41.564
55.292
45.776
64.887
45.300
45.704
47.988
39.503
37.860
26.379
53.467
32.237
39.117
32.219
41.420
65.866
55.160
32.298
30.079
58.051
44.231
68.611
